10,135
10,15
10,193
10,239
10,173
10,265
10,245
10,289
10,2
10,3
11,17
11,15
11,23
11,19
9,5
9,1
9,7
9,2
9,3
8,16
8,8
8,9
8,6
57,4
57,3
57,2
57,1
57,0
56,5
56,4
56,3
56,2
56,1
56,0
55,5
55,4
55,3
55,2
55,1
55,0
54,6
54,5
54,4
54,3
54,2
54,1
54,0
46,4
46,3
46,2
46,1
46,0
44,4
44,3
44,2
44,1
44,0
43,4
43,3
43,2
43,1
43,0
42,4
42,3
42,2
42,1
42,0
40,6
40,5
40,4
40,3
40,2
40,1
40,0
34,4
34,3
34,1
31,4
31,3
31,1
20,3
20,2
20,1
19,3
19,2
19,1
18,3
18,1
14,3
14,1
13,3
13,1
12,3
12,2
12,1
11,29
11,27
11,26
11,22
11,21
11,20
11,18
11,16
11,14
11,12
11,10
11,9
11,8
11,7
11,6
11,4
11,3
11,2
11,1
10,306
